20000
20000
20000
20000
20000
20000
20000
19999
19999
19998
19997
19995
19992
19989
19985
19981
19976
19970
19964
19958
19952
19946
19939
19933
19926
19920
19913
19906
19900
19893
19887
19881
19874
19865
19852
19834
19815
19798
19788
19780
19774
19769
19764
19760
19756
19752
19749
19747
19745
19743
19742
19741
19741
19741
19741
19741
19742
19742
19743
19744
19745
19746
19748
19750
19753
19757
19761
19765
19771
19777
19784
19790
19796
19802
19809
19814
19819
19823
19827
19831
19834
19837
19839
19842
19845
19850
19875
19918
19963
19994
20000
20000
20000
20000
20000
20000
20000
20000
20000
20000