20000
20000
20000
20000
20000
20000
20000
20000
20000
20000
20000
20000
20017
20061
20116
20171
20211
20226
20236
20243
20249
20254
20260
20266
20271
20276
20280
20284
20288
20292
20295
20298
20300
20303
20305
20306
20308
20309
20311
20312
20312
20313
20314
20314
20315
20316
20316
20317
20317
20318
20304
20208
20059
19900
19772
19720
19720
19720
19720
19720
19721
19721
19721
19722
19723
19724
19726
19727
19730
19732
19735
19737
19740
19743
19746
19750
19753
19756
19759
19761
19764
19767
19771
19782
19820
19876
19935
19981
20000
20000
20000
20000
20000
20000
20000
20000
20000
20000
20000
20000