20000
20000
20000
20000
20000
20000
20000
20000
20000
19998
19995
19992
19986
19979
19970
19961
19952
19942
19930
19907
19867
19824
19795
19783
19775
19767
19758
19747
19736
19726
19716
19708
19700
19693
19687
19683
19678
19675
19672
19670
19668
19668
19667
19666
19666
19667
19667
19668
19669
19669
19670
19671
19695
19784
19889
19952
19968
19978
19989
20010
20063
20129
20180
20199
20211
20219
20227
20234
20240
20244
20248
20251
20253
20254
20254
20254
20255
20255
20255
20254
20254
20249
20201
20129
20073
20055
20045
20037
20031
20025
20020
20016
20013
20010
20008
20006
20005
20004
20003
20002