20000
20000
20000
20000
20000
19998
19996
19993
19989
19983
19977
19972
19965
19951
19882
19789
19741
19738
19736
19734
19731
19729
19727
19727
19727
19726
19726
19728
19731
19734
19737
19741
19746
19751
19756
19763
19768
19773
19781
19815
19905
19986
20000
20000
20000
20000
20000
20000
20000
20000
20000
20000
20000
20000
20000
20000
20000
20000
20000
20000
20000
19996
19941
19867
19826
19813
19805
19797
19788
19780
19773
19767
19761
19757
19753
19751
19749
19748
19748
19747
19747
19749
19751
19755
19759
19765
19771
19777
19782
19791
19818
19901
19981
20000
20000
20000
20000
20000
20000
20000