20000
20000
20000
20000
20000
20000
20000
20000
20002
20022
20055
20093
20130
20178
20225
20255
20264
20270
20274
20278
20281
20284
20287
20289
20292
20294
20296
20282
20128
19902
19733
19709
19710
19711
19712
19713
19714
19716
19718
19721
19724
19728
19731
19734
19738
19742
19752
19795
19857
19910
19932
19945
19954
19962
19968
19974
19980
19984
19987
19990
19992
19994
19995
19997
19998
20003
20044
20106
20157
20168
20170
20172
20173
20175
20176
20177
20178
20179
20180
20180
20180
20180
20180
20180
20180
20179
20179
20178
20171
20121
20053
20005
20000
20000
20000
20000
20000
20000
20000
20000