20000
20000
20000
20000
20000
20000
20001
20002
20004
20006
20009
20013
20018
20024
20031
20039
20048
20057
20066
20076
20086
20095
20104
20111
20119
20126
20133
20141
20148
20155
20162
20168
20174
20180
20184
20188
20191
20194
20196
20196
20196
20196
20196
20196
20195
20193
20190
20188
20185
20183
20180
20176
20173
20169
20165
20161
20156
20150
20144
20137
20130
20123
20115
20108
20100
20093
20086
20079
20073
20067
20061
20056
20050
20045
20040
20036
20031
20027
20023
20020
20016
20014
20011
20009
20008
20006
20005
20004
20003
20003
20002
20002
20001
20001
20001
20001
20001
20000
20000
20000